 func resetStates(){
     botStates = States{}
     pathIndex = 0 ; curPath = nil ;
     nextPoint = Coord{X:0, Y:0}
     targetMob = -1; targetMobDead = -2
     targetItem = -1; targetItemLooted = -2
     MUgroundItems.Lock()
     mobList = map[int]Mob{}
     MUgroundItems.Unlock()
     MUmobList.Lock()
     groundItems = map[int]Item{}
     MUmobList.Unlock()
 }



type States struct {
    InSaveMap bool
    OnTheRoad bool
    InLockMap bool
    HasDest bool
    HasTargetMob bool
    HasTargetItem bool
    AtRange bool
    ReadyToTp bool
}













    {"Name":"Converter Fire", "Id":12114, "MinHP":-1, "MinSP":-1,"BuffId": 1505 },


    [[27 0 109 111 114 111 99 99 46 103 97 116 0 0 0 0 0 0]]
    [[27 0 112 114 111 110 116 101 114 97 46 103 97 116 0 0 0 0]]
    [[27 0 112 114 111 110 116 101 114 97 46 103 97 116 0 0 0 0]]
    [[27 0 99 97 110 99 101 108 0 0 0 0 0 0 0 0 0 0]]

[▒▒▒Peco Peco EggHP: 227/227| |8▒aUU]
[[150 135 175 6     80 101 99 111 32 80 101 99 111 32 69 103 103 0 0 0 0 0 0 0 0 0 0 0  72 80 58 32 50 50 55 47 50 50 55 0 124 32 0 0 124 56 135 97 85 85 0 0 0 0 0 0 0 0 0 0 0 0 0 0 0 0 0 0 0 0 0 0 0 0 0 0 0 0 0 0 0 0 0 0 0 0 0 0 0 0 0 0 0 0 0 0 0 0 0 0 0 0 0 0]]
[▒▒▒Peco Peco EggHP: 15/227| "]
[[150 135 175 6     80 101 99 111 32 80 101 99 111 32 69 103 103 0 0 0 0 0 0 0 0 0 0 0  72 80 58 32 49 53 47 50 50 55 0 124 32 0 0 0 34 0 0 0 0 0 0 0 0 0 0 0 0 0 0 0 0 0 0 0 0 0 0 0 0 0 0 0 0 0 0 0 0 0 0 0 0 0 0 0 0 0 0 0 0 0 0 0 0 0 0 0 0 0 0 0 0 0 0 0]]
[J▒GhidraSword Clan]
[[74 188 30 0 71    104 105 100 114 97 0 0 0 0 0 0 0 0 0 0 0 0 0 0 0 0 0 0 0 0          0 0 0 0 0 0 0 0 0 0 0 0 0 0 0 0 0 0 0 0 0 0 0 0 0 0 0 0 0 0 0 0 0 0 0 0 0 0 0 0 0 0 0 0 0 0 83 119 111 114 100 32 67 108 97 110 0 0 0 0 0 0 0 0 0 0 0 0 0 0 0 0 0 0]]



 [actor_moved][16] -> [[40 207 170 6    66 69 84 36 85 136      166 64 59 203]]
 [actor_moved][16] -> [[87 207 170 6 64 134 3 236 92 136        245 65 59 203]]
 [actor_moved][16] -> [[40 207 170 6 66 69 84 56 90 136         27 83 59 203]]
 [actor_moved][16] -> [[248 206 170 6 57 198 99 148 107 136     153 97 59 203]]
 [actor_moved][16] -> [[87 207 170 6 62 197 196 0 98 136        21 98 59 203]]
 [actor_moved][16] -> [[40 207 170 6 67 133 164 40 85 136       194 107 59 203]]
 [actor_moved][16] -> [[151 207 170 6 57 131 243 172 67 136     166 111 59 203]]
 [actor_moved][16] -> [[87 207 170 6 64 6 36 20 91 136          122 126 59 203]]

    [send_self_move_to][035F][5]         -> [[41 133 112]]
    [][009C][9]                         -> [[171 176 30 0 0 0 4]]
     ####### [skill_use][10]            -> [[5 0 5 1 74 188 30 0]]
    [][0088][10]                        -> [[74 188 30 0 166 0 86 0]]
    [][0B1A][29]                        -> [[74 188 30 0 74 188 30 0 0 0 0 0 5 1 0 0 0 0 248 2 0 0 0 0 0 0 0]]
    [][00B0][8]                         -> [[7 0 136 1 0 0]]
    [][09CB][17]                        -> [[5 1 5 0 0 0 74 188 30 0 74 188 30 0 1]]
    [][01D0][8]                         -> [[74 188 30 0 3 0]]
     ####### [skill_use][10]            -> [[5 0 5 1 74 188 30 0]]
    [][0B1A][29]                        -> [[74 188 30 0 74 188 30 0 0 0 0 0 5 1 0 0 0 0 248 2 0 0 0 0 0 0 0]]
    [actor_info_request][0368][6]       -> [[171 176 30 0]]
    [actor_info][0A30][106]             -> [[171 176 30 0 78 73 71 72 84 77 86 82 69 0 0 0 0 0 0 0 0 0 0 0 0 0 0 0 0 0 0 0 0 0 0 0 0 0 0 0 0 0 0 0 0 0 0 0 0 0 0 0 0 0 0 0 0 0 0 0 0 0 0 0 0 0 0 0 0 0 0 0 0 0 0 0 86 105 108 101 32 87 105 110 100 32 67 108 97 110 0 0 0 0 0 0 0 0 0 0 0 0 0 0]]
    [][00B0][8]                         -> [[7 0 128 1 0 0]]
    [][09CB][17]                        -> [[5 1 5 0 0 0 74 188 30 0 74 188 30 0 1]]
    [][01D0][8]                         -> [[74 188 30 0 4 0]]

    [skill_use][10] -> [[5 0 5 1 74 188 30 0]]
####### [skill_use_failed][14] -> [[5 1 0 0 0 0 0 0 0 0 0 1]]

[10] -> [[5 0 5 1 74 188 30 0]]
####### [skill_use_failed][14] -> [[5 1 0 0 0 0 0 0 0 0 0 0]]

    [[74 188 30 0 74 188 30 0 0 0 0 0 29 0 0 0 0 0 248 2 0 0 0 0 0 0 0]]
    [[74 188 30 0 74 188 30 0 0 0 0 0 34 0 0 0 0 0 0 0 0 0 0 0 0 0 0]]
    [[74 188 30 0 74 188 30 0 0 0 0 0 5 1 0 0 0 0 248 2 0 0 0 0 0 0 0]]

     [74 188 30 0 228 205 168 6 0 0 0 0 11 1 0 0 0 0 208 17 0 0 0 0 0 0 0]]

     [[194 205 168 6 194 205 168 6 0 0 0 0 197 0 0 0 0 0 0 0 0 0 0 0 0 0 0]]

     [29 0  10 0 0 0    135 62 176 6    74 188 30 0     1]]

      "skillID amount targetID sourceID success"


     ### skill_use_recv ### [01DE][31] -> [[11 1    74 188 30 0     152 135 175 6   65 100 212 206      61 1 0 0    168 0 0 0   149 4 0 0   5 0 3 0 8]]
     ### skill_use_recv ### [01DE][31] -> [[11 1    74 188 30 0     228 135 175 6   115 165 212 206     61 1 0 0    224 1 0 0   166 5 0 0   5 0 3 0 8]]

     ### do_dmg_auto ### [08C8][32] ->          [[74 188 30 0       202 135 175 6   54 145 211 206      61 1 0 0    224 1 0 0   185 0 0 0 ²0     1 0 0 0 0 0 0]]
     ### do_dmg_auto ### [08C8][32] ->          [[74 188 30 0       135 135 175 6   109 181 211 206     61 1 0 0    168 0 0 0   187 0 0 0 0     1 0 0 0 0 0 0]]
     ### autoattack_on_target ### [08C8][32] -> [[119 62 176 6      74 188 30 0     254 119 228 206     192 3 0 0   0 0 0 0 0   0 0 0 0         1 0 0 0 0 0 0]]
     ### autoattack_on_target ### [08C8][32] -> [[119 62 176 6      74 188 30 0     100 128 228 206     192 3 0 0   124 2 0 0   65 0 0 0 0      1 0 0 0 0 0 0]]

                                                [119 62 176 6       74 188 30 0     177 204 230 206     192 3 0 0   0 0 0 0 0   0 0 0 0         1 0 0 0 0 0 0]]
     : "sourceID targetID tick src_speed dst_speed damage div type dual_wield_damage"


     : "skillID sourceID targetID tick src_speed dst_speed damage level option type"

     case "0A30":  //actor_info
         mapID := int(binary.LittleEndian.Uint32(bb[0:0+4]))
         fmt.Printf("### mapID ### [%v] \n", mapID)

         // name = strings.Split(string(bb[4:4+24]), "\x00")[0]
         HPs := strings.Split(string(bb[28:28+48]), "|")[0]

         HPs = strings.Split(HPs, "HP: ")[1]
         fmt.Printf("### HPs ### [%v] \n", HPs)
         HP := strings.Split(HPs, "/")
         fmt.Printf("### HP ### [%v] \n", HP)

         MUmobList.Lock()
         if mm, exist := mobList[mapID]; exist {
             mm.HPLeft = Stoi(HP[0]); mm.HPMax = Stoi(HP[1])
             mobList[mapID] = mm
         }
         MUmobList.Unlock()
         fmt.Printf("### actor_info ### [%v][%v] -> [%s] \n", hexID, len(bb),bb)
         fmt.Printf("### actor_info ### [%v][%v] -> [%v] \n", hexID, len(bb),bb)
